S V(S)
0 95.1229
0.5 94.6229
1 94.1229
1.5 93.6229
2 93.1229
2.5 92.6229
3 92.1229
3.5 91.6229
4 91.1229
4.5 90.6229
5 90.1229
5.5 89.6229
6 89.1229
6.5 88.6229
7 88.1229
7.5 87.6229
8 87.1229
8.5 86.6229
9 86.1229
9.5 85.6229
10 85.1229
10.5 84.6229
11 84.1229
11.5 83.6229
12 83.1229
12.5 82.6229
13 82.1229
13.5 81.6229
14 81.1229
14.5 80.6229
15 80.1229
15.5 79.6229
16 79.1229
16.5 78.6229
17 78.1229
17.5 77.6229
18 77.1229
18.5 76.6229
19 76.1229
19.5 75.6229
20 75.1229
20.5 74.6229
21 74.1229
21.5 73.6229
22 73.1229
22.5 72.6229
23 72.1229
23.5 71.6229
24 71.1229
24.5 70.6229
25 70.1229
25.5 69.6229
26 69.1229
26.5 68.6229
27 68.1229
27.5 67.6229
28 67.1229
28.5 66.6229
29 66.1229
29.5 65.6229
30 65.1229
30.5 64.6229
31 64.1229
31.5 63.6229
32 63.1229
32.5 62.6229
33 62.1229
33.5 61.6229
34 61.1229
34.5 60.6229
35 60.1229
35.5 59.6229
36 59.1229
36.5 58.6229
37 58.1229
37.5 57.6229
38 57.1229
38.5 56.623
39 56.123
39.5 55.623
40 55.123
40.5 54.623
41 54.123
41.5 53.623
42 53.123
42.5 52.623
43 52.123
43.5 51.6231
44 51.1231
44.5 50.6232
45 50.1232
45.5 49.6233
46 49.1234
46.5 48.6235
47 48.1237
47.5 47.6238
48 47.124
48.5 46.6243
49 46.1246
49.5 45.6249
50 45.1254
50.5 44.6259
51 44.1265
51.5 43.6271
52 43.128
52.5 42.6289
53 42.13
53.5 41.6313
54 41.1328
54.5 40.6345
55 40.1364
55.5 39.6386
56 39.1412
56.5 38.6441
57 38.1473
57.5 37.651
58 37.1552
58.5 36.6598
59 36.1651
59.5 35.6709
60 35.1775
60.5 34.6847
61 34.1928
61.5 33.7017
62 33.2115
62.5 32.7224
63 32.2343
63.5 31.7474
64 31.2617
64.5 30.7774
65 30.2945
65.5 29.813
66 29.3332
66.5 28.8551
67 28.3788
67.5 27.9044
68 27.4319
68.5 26.9616
69 26.4935
69.5 26.0278
70 25.5645
70.5 25.1037
71 24.6456
71.5 24.1902
72 23.7378
72.5 23.2883
73 22.842
73.5 22.3989
74 21.9591
74.5 21.5228
75 21.0901
75.5 20.6611
76 20.2358
76.5 19.8144
77 19.397
77.5 18.9837
78 18.5747
78.5 18.1699
79 17.7694
79.5 17.3735
80 16.9821
80.5 16.5954
81 16.2134
81.5 15.8363
82 15.4639
82.5 15.0966
83 14.7342
83.5 14.377
84 14.0248
84.5 13.6779
85 13.3361
85.5 12.9997
86 12.6685
86.5 12.3427
87 12.0223
87.5 11.7073
88 11.3976
88.5 11.0935
89 10.7947
89.5 10.5014
90 10.2136
90.5 9.93126
91 9.65434
91.5 9.38286
92 9.11681
92.5 8.85616
93 8.60091
93.5 8.35101
94 8.10645
94.5 7.86719
95 7.6332
95.5 7.40443
96 7.18085
96.5 6.96241
97 6.74906
97.5 6.54075
98 6.33743
98.5 6.13905
99 5.94554
99.5 5.75685
100 5.57291
100.5 5.39366
101 5.21904
101.5 5.04898
102 4.88341
102.5 4.72225
103 4.56545
103.5 4.41293
104 4.26461
104.5 4.12042
105 3.98029
105.5 3.84414
106 3.71189
106.5 3.58348
107 3.45882
107.5 3.33784
108 3.22046
108.5 3.1066
109 2.9962
109.5 2.88916
110 2.78543
110.5 2.68491
111 2.58754
111.5 2.49325
112 2.40195
112.5 2.31358
113 2.22806
113.5 2.14532
114 2.0653
114.5 1.98791
115 1.91309
115.5 1.84077
116 1.77089
116.5 1.70338
117 1.63817
117.5 1.57519
118 1.51439
118.5 1.45571
119 1.39907
119.5 1.34443
120 1.29172
120.5 1.24089
121 1.19187
121.5 1.14462
122 1.09907
122.5 1.05518
123 1.0129
123.5 0.972167
124 0.93294
124.5 0.895169
125 0.858806
125.5 0.823806
126 0.790124
126.5 0.757716
127 0.72654
127.5 0.696553
128 0.667716
128.5 0.63999
129 0.613337
129.5 0.587718
130 0.563099
130.5 0.539444
131 0.516719
131.5 0.494891
132 0.473928
132.5 0.453799
133 0.434474
133.5 0.415923
134 0.398119
134.5 0.381034
135 0.364641
135.5 0.348914
136 0.333829
136.5 0.319362
137 0.305489
137.5 0.292187
138 0.279435
138.5 0.267213
139 0.255499
139.5 0.244273
140 0.233518
140.5 0.223214
141 0.213344
141.5 0.20389
142 0.194837
142.5 0.186169
143 0.177869
143.5 0.169924
144 0.162319
144.5 0.155041
145 0.148076
145.5 0.141411
146 0.135035
146.5 0.128935
147 0.123101
147.5 0.11752
148 0.112184
148.5 0.107081
149 0.102202
149.5 0.0975374
150 0.0930786
150.5 0.0888167
151 0.0847435
151.5 0.0808511
152 0.0771316
152.5 0.0735779
153 0.0701828
153.5 0.0669396
154 0.0638417
154.5 0.0608829
155 0.0580572
155.5 0.0553589
156 0.0527825
156.5 0.0503226
157 0.0479741
157.5 0.0457323
158 0.0435924
158.5 0.04155
159 0.0396008
159.5 0.0377407
160 0.0359657
160.5 0.0342721
161 0.0326562
161.5 0.0311147
162 0.0296441
162.5 0.0282414
163 0.0269034
163.5 0.0256273
164 0.0244103
164.5 0.0232498
165 0.0221431
165.5 0.0210878
166 0.0200817
166.5 0.0191224
167 0.0182079
167.5 0.0173361
168 0.016505
168.5 0.0157128
169 0.0149577
169.5 0.014238
170 0.013552
170.5 0.0128982
171 0.0122751
171.5 0.0116813
172 0.0111154
172.5 0.0105761
173 0.0100622
173.5 0.00957244
174 0.00910573
174.5 0.00866097
175 0.00823714
175.5 0.00783322
176 0.00744829
176.5 0.00708144
177 0.0067318
177.5 0.00639854
178 0.00608089
178.5 0.00577808
179 0.0054894
179.5 0.00521416
180 0.0049517
180.5 0.0047014
181 0.00446265
181.5 0.00423489
182 0.00401756
182.5 0.00381015
183 0.00361215
183.5 0.00342308
184 0.0032425
184.5 0.00306995
185 0.00290503
185.5 0.00274733
186 0.00259648
186.5 0.0024521
187 0.00231384
187.5 0.00218137
188 0.00205437
188.5 0.00193253
189 0.00181556
189.5 0.00170316
190 0.00159508
190.5 0.00149104
191 0.0013908
191.5 0.00129412
192 0.00120077
192.5 0.00111053
193 0.00102317
193.5 0.000938496
194 0.000856308
194.5 0.000776414
195 0.000698629
195.5 0.000622772
196 0.000548672
196.5 0.000476161
197 0.000405076
197.5 0.00033526
198 0.00026656
198.5 0.000198826
199 0.000131916
199.5 6.5686e-05
200 0
